$ANSIBLE_VAULT;1.1;AES256
61326363626466643165393464636139333961316333656135393861633064613030366437353835
3336616437313962333438666631373364623635646461350a633566313634356665366231613234
33653939313533376237346535363663626364356233323463643037313433616265663463326664
3132313230303230360a626330336663613232633931653535353430323937326334663862336162
36643534316230643761373461396538646134356437663031633362356636386437326661623234
31663838393232376161346464646562646537313264343963613130653739643965363165613431
62323732393133653236336534616236306365623638373434363834663534303931623061373439
33336439366438613766393861313862303765656332333937386237653961666462373463646135
62363433363039333431393663636465653437363035623539393562376132336336373032643535
34633465323961623631323662333264343534643339383738623032323233306465376131366635
62653834653038653136623366326333343937353630383661646131343332316661623330333831
38316131613939306137356463373963666634616637396537663838613166616139333164353839
63393137333834393035633565323866336335353433363833303962316430643531636566326263
37366132653063356261613961643239366434313264613232396136366231666534316664333937
36306538663930313735386630636230623264653336316562396239343734663166613635356463
63323035666630343034633339306239316533643834333962313834333138643631333331356333
64613065393039613565336564326137623662393839666464303636633439323535666165346363
35383538306239373433363038353364346537366235343531393832623965353631353863613337
35646231383836646535613363666335383631393563383162346532613833633139383566333730
33363435363230656663303834343737333266366265313235326162613764333466353063393764
65303931333464616231326563333736613232393661636661373333623262306236316361383735
64663065333039363864316230663034386236336631656331373163663935313136363265303433
30636536336365393037363162396631356163353931396639376462323037396535376664633730
63366331376565373133326537383763623139336664626433623730363637306466343331303430
61356135383330303461383565653961303638303031383535303365376531313639346165343564
61396461343765623736303563386464323037316432643136613665656264666661386238383137
61616237353230613239373932313337666161383530666634346438343435346533393534393765
39663838653532356538626436633730323634633062313161353339356530346263363865313136
31623235323334633334353466663664653638366166623165663766343939343534363533326336
35323537656636336264666333636563613933656634613762326139343333313538343162383963
38666337623230623663346337373234663137323430666432326539643637303534326332386665
62633061343562353130666632373437316565333336653638346135623266353536323536373465
63386466316634656336396132343635303939623934636332646261373035313464626534316562
32623439666133303437383335643337386265646666343963366433306135396636623731626438
63653731613035393365626532633064613363616433376237316165343633633630306561373762
36303739643037643438333565323236636539646261363764613332333532353865343563636635
37373334656633336335313132313066636661316130616363346333616534316534656665646632
31346662303363346637613038316537373537393631633931663935336439313162373565363236
35323039643330373430613463306363383339373234613865336334623132613061613233396161
35376466643631336637376332626230396536336136343861383463373861393639366533333232
39633866633531623065366337353462396163393935303237623035346636646235396534386263
63396162663764613364316163323939653238363162633730633463393065663262616635366331
31636630356134396565626364363563653964383735326631353135343939373662616234306363
34396165396539383930636161346632343934306565313131396331343633393537386333383231
37323666383662343935303566313139643962366462646466656166353062306237323066353863
61303363366466306532356462633561313036333931653861346362313833393631363361663830
36383063333138633963383139356534626135353737613939343532373262636430616333616439
30333838303262303937343531316562636630646637613464303638346362616432313632323066
33356438623163356530356361663836666231633963313431396265643666626537656466333836
30363361636135666638323332363761316439653238666265316132306363363735633637396266
36383364623936656438353161353761613262616233383130383830626563343632366239396430
33353835373861393333306132643536323138343638353562386338656462316235343331656433
63663564323735366533336464383033666432616332353166663461306636623036303136613139
63323064653664326239383537653639366137323632626230356330653839343264323939343139
32653762613166313936616465353634626262623664343835316430636662313562323736626233
30363533376131613561343232353732373462333432323062646264663838306438343065366563
61393863323034663166633438383933316366383966353063306531336638346337646164396230
35353339343837306134613862613864643036653639623635383031623135616439366530303633
37333233343561383236376234623833313864653230363865313665656335306662653532636136
34663732323733653030393733346431396336323238633434666461343666633234653636356166
31346663363963613738396161643432636434336464396635656130383236323333343964323166
65363136643533303566386562313064333335313735666361373039636134356338356363656132
66366635363361316562613336393637643333383439633833333131663165333238333836306231
62666631383361663937393861623161336530326661633235376365653436333833376131373463
36616132396332333661643465646332366366656530346536353733353862353563616664623231
35366563626130646266623461303463613036313564316639396530323632663236393066653463
36383832666332623563393733663337353363313336643739306131326130316636636637386333
36366563656131393234613636633565663034326335333465376432373438346564666433666232
31396166306437383065646137633262306133323264616339323635643932356264626632346632
39656237313837613539383465653638653735396538333731343936373366343032616562323066
31353935623463353939343864633239316635376534353162613339323265653566346231643436
65396632613461303934613361326164653738626239623266323564646463653262343965326633
65656164353831313565626338353862336439326631336362376539303733363239326237623439
37396662616331333165343162306161313962373363363662393266306461666536373236333263
64306365643531306265303465326636633432396131636237616366646535313539643066623037
36313332343930343263306438383937316639616239623461663236663463383831333662636366
63633565376465363064383936366664333936323463343431663237663233386631303564353832
38346634376366346565306232386330336434323031343037303030663863376137643562653635
37333631386636353830666165323132326138623765616163633263376334373637336165363836
32306462316363323136396465633662376536393861363236613962646637623331626131626534
62616635373738336430633565396532623534333961663364303530656130313935663436343930
30313934613932363532376562343462303236663739653133663265316630626238623461656133
63376637313763663131326430373531646132636661353163623133383235383863333339313334
38386330393435326562643039396536636562356137303934306438333835643138353664613561
61616231633166383833363132623464353462636336653739323834363637626238626631333037
30376337643737373138643839356562343338356138646530613033366564633436303734353336
32626239316539313534336137383963313931626630303630343864613665656132623337653334
64333035356663613262
